2 34
2 27
2 59
2 1
2 2
2 3
2 4
2 5
2 6
2 7
2 1
2 14
2 36
2 1
2 2
2 3
2 4
2 5
2 6
2 7
2 10
2 44
2 14
2 1
2 2
2 3
2 4
2 5
2 6
2 7
2 28
2 35
2 53
2 1
2 2
2 3
2 4
2 5
2 6
2 7
2 29
2 24
2 22
2 1
2 2
2 3
2 4
2 5
2 6
2 7
2 2
2 16
2 57
2 1
2 2
2 3
2 4
2 5
2 6
2 7
2 61
2 26
2 9
2 1
2 2
2 3
2 4
2 5
2 6
2 7
2 25
2 25
2 2
2 1
2 2
2 3
2 4
2 5
2 6
2 7
2 6
2 5
2 14
2 1
2 2
2 3
2 4
2 5
2 6
2 7
2 32
2 40
2 55
2 1
2 2
2 3
2 4
2 5
2 6
2 7
2 21
2 14
2 37
2 1
2 2
2 3
2 4
2 5
2 6
2 7
2 49
2 59
2 1
2 1
2 2
2 3
2 4
2 5
2 6
2 7
2 53
2 43
2 25
2 1
2 2
2 3
2 4
2 5
2 6
2 7
2 47
2 49
2 18
2 1
2 2
2 3
2 4
2 5
2 6
2 7
2 61
2 49
2 63
2 1
2 2
2 3
2 4
2 5
2 6
2 7
