2 44
2 23
2 61
2 34
2 35
2 33
2 55
2 31
2 54
2 63
2 17
2 29
2 35
2 52
2 33
2 48
2 25
2 31
2 53
2 46
2 29
2 52
2 9
2 28
2 46
2 20
2 8
2 44
2 52
2 40
2 16
2 32
2 62
2 12
2 1
2 32
2 44
2 55
2 62
2 33
2 53
2 14
2 62
2 23
2 2
2 30
2 6
2 26
2 60
2 59
2 7
2 24
2 46
2 15
2 52
2 27
2 34
2 59
2 6
2 22
2 34
2 22
2 53
2 31
2 33
2 53
2 62
2 13
2 43
2 59
2 45
2 31
2 8
2 42
2 53
2 9
2 7
2 58
2 34
2 3
2 52
2 41
2 26
2 34
2 55
2 13
2 60
2 25
2 7
2 2
2 46
2 40
2 23
2 34
2 6
2 55
2 22
2 3
2 3
2 64
2 61
2 48
2 30
2 5
2 25
2 18
2 13
2 32
2 11
2 47
2 34
2 63
2 23
2 59
2 32
2 13
2 8
2 27
2 37
2 14
2 28
2 18
2 54
2 50
2 51
2 59
2 41
2 8
2 62
2 43
2 7
2 58
2 26
2 36
2 62
2 51
2 53
2 11
2 18
2 64
2 57
2 51
2 62
2 15
2 45
2 29
2 27
2 52
2 55
2 64
