2 0
2 1
2 2
2 3
2 0
2 1
2 0
2 1
2 3
2 4
2 5
2 4
2 5
2 4
2 7
2 7
2 8
2 6
2 7
2 9
2 11
2 12
2 13
2 10
2 12
2 13
2 9
2 12
2 13
2 11
2 12
2 13
2 16
2 12
2 13
2 15
2 16
2 13
2 11
2 17
2 13
2 11
2 12
2 13
2 0
2 1
2 2
2 3
2 0
2 1
2 0
2 1
2 3
2 4
2 5
2 4
2 5
2 4
2 7
2 7
2 8
2 6
2 7
2 9
2 12
2 13
2 11
2 12
2 13
2 16
2 12
2 13
2 15
2 16
2 13
2 11
2 17
2 13
2 11
2 12
2 13
2 155
2 156
2 156
2 160
2 162
2 163
2 160
2 153
2 154
2 155
2 156
2 157
2 158
2 159
2 160
2 161
2 162
2 163
2 164
2 165
2 166
2 167
2 168
2 259
2 260
2 261
2 262
2 263
2 260
2 259
2 258
2 257
2 369
2 370
2 371
2 372
2 373
2 374
2 375
2 377
2 80
2 79
2 78
2 81
2 82
2 83
2 77
2 76
2 75
2 71
2 2
2 1
2 160
2 153
2 154
2 155
2 156
2 157
2 158