2 0
2 1
2 84
2 0
2 96
2 1
2 0
2 84
2 96
2 4
2 456
2 1
2 456
2 96
2 1
2 321
2 96
2 321
2 0
2 1
2 321
2 4
2 13
2 456
2 96
2 13
2 0
2 235
2 96
2 4
2 84
2 456
2 1
2 321
2 456
2 13
2 28
2 321
2 13
2 0
2 1
2 456
2 165
2 13
2 0
2 165
2 96
2 1
2 321
2 84
2 4
2 165
2 456
2 0
2 13
2 96
2 456
2 321
2 0
2 196
2 0
2 456
2 196
2 13
2 321
2 196
2 13
2 96
2 321
2 196
2 96
2 196
2 321
2 222
2 321
2 96
2 321
2 222
2 196
2 321
2 222
2 96
2 268
2 96
2 321
2 96
2 268
2 222
2 15
2 96
2 22
2 156
2 268
2 222
2 22
2 268
2 96
2 22
2 222
2 499
2 268
2 499
2 268
2 22
2 268
2 222
2 268
2 499
2 356
2 499
2 268
2 22
2 222
2 499
2 268
2 356
2 268
2 499
2 268
2 499
2 22
2 499
2 268
2 22
2 268
2 222
2 268
2 499
2 356
2 499
2 268
2 22
2 165
2 499
2 22
2 268
2 22
2 499
2 165
2 268