2 3
2 42
2 23
2 3
2 45
2 5
2 3
2 7
2 58
2 3
2 5
2 20
2 3
2 59
2 7
2 3
2 17
2 54
2 3
2 19
2 5
2 3
2 40
2 57
2 3
2 5
2 33
2 3
2 7
2 42
2 3
2 51
2 19
2 3
2 30
2 5
2 3
2 12
2 31
2 3
2 5
2 17
2 3
2 45
2 11
2 3
2 59
2 28
2 3
2 7
2 5
2 3
2 29
2 21
2 3
2 5
2 7
2 3
2 58
2 28
2 3
2 31
2 15
2 3
2 27
2 5
2 3
2 17
2 55
2 3
2 5
2 33
2 3
2 2
2 13
2 3
2 11
2 7
2 3
2 9
2 5
2 3
2 62
2 53
2 3
2 5
2 21
2 3
2 58
2 14
2 3
2 7
2 45
2 3
2 59
2 5
2 3
2 4
2 7
2 3
2 5
2 22
2 3
2 35
2 23
2 3
2 37
2 33
2 3
2 2
2 5
2 3
2 7
2 39
2 3
2 5
2 18
2 3
2 31
2 7
2 3
2 46
2 59
2 3
2 11
2 5
2 3
2 19
2 57
2 3
2 5
2 36
2 3
2 7
2 6
2 3
2 25
2 42
2 3
2 9
2 5
2 3
2 17
2 54
2 3
2 5
2 33
2 3
2 29
2 63
