2 360
2 455
2 106
2 1
2 2
2 3
2 4
2 237
2 298
2 206
2 187
2 428
2 499
2 5
2 6
2 7
2 8
2 195
2 85
2 505
2 284
2 489
2 488
2 9
2 10
2 11
2 12
2 100
2 52
2 416
2 202
2 411
2 359
2 13
2 14
2 15
2 16
2 89
2 164
2 347
2 294
2 350
2 262
2 17
2 18
2 19
2 20
2 213
2 428
2 179
2 206
2 199
2 156
2 21
2 22
2 23
2 24
2 387
2 117
2 66
2 290
2 318
2 477
2 25
2 26
2 27
2 28
2 162
2 66
2 226
2 509
2 360
2 63
2 29
2 30
2 31
2 32
2 221
2 364
2 407
2 400
2 57
2 93
2 33
2 34
2 35
2 36
2 252
2 51
2 176
2 317
2 341
2 493
2 37
2 38
2 39
2 40
2 27
2 255
2 324
2 252
2 251
2 171
2 41
2 42
2 43
2 44
2 487
2 6
2 317
2 381
2 405
2 374
2 45
2 46
2 47
2 48
2 506
2 349
2 188
2 169
2 154
2 16
2 49
2 50
2 51
2 52
2 180
2 6
2 496
2 504
2 257
2 234
2 53
2 54
2 55
2 56
2 12
2 204
2 465
2 329
2 72
2 357
2 57
2 58
2 59
2 60
2 169
2 285
2 124
