2 290
2 314
2 144
2 1
2 2
2 3
2 4
2 5
2 6
2 7
2 257
2 155
2 239
2 1
2 2
2 3
2 4
2 5
2 6
2 7
2 159
2 349
2 93
2 1
2 2
2 3
2 4
2 5
2 6
2 7
2 309
2 433
2 303
2 1
2 2
2 3
2 4
2 5
2 6
2 7
2 130
2 316
2 506
2 1
2 2
2 3
2 4
2 5
2 6
2 7
2 221
2 491
2 240
2 1
2 2
2 3
2 4
2 5
2 6
2 7
2 304
2 230
2 227
2 1
2 2
2 3
2 4
2 5
2 6
2 7
2 485
2 302
2 208
2 1
2 2
2 3
2 4
2 5
2 6
2 7
2 328
2 156
2 243
2 1
2 2
2 3
2 4
2 5
2 6
2 7
2 427
2 165
2 146
2 1
2 2
2 3
2 4
2 5
2 6
2 7
2 494
2 421
2 154
2 1
2 2
2 3
2 4
2 5
2 6
2 7
2 70
2 50
2 228
2 1
2 2
2 3
2 4
2 5
2 6
2 7
2 16
2 217
2 397
2 1
2 2
2 3
2 4
2 5
2 6
2 7
2 403
2 213
2 319
2 1
2 2
2 3
2 4
2 5
2 6
2 7
2 98
2 67
2 125
2 1
2 2
2 3
2 4
2 5
2 6
2 7
