2 243
2 355
2 167
2 199
2 424
2 428
2 375
2 214
2 299
2 47
2 33
2 201
2 129
2 466
2 173
2 107
2 126
2 434
2 244
2 278
2 379
2 466
2 2
2 151
2 340
2 256
2 239
2 94
2 295
2 23
2 23
2 26
2 377
2 189
2 224
2 288
2 104
2 86
2 502
2 402
2 132
2 22
2 90
2 261
2 487
2 262
2 367
2 100
2 184
2 98
2 377
2 50
2 52
2 379
2 200
2 391
2 122
2 438
2 484
2 417
2 460
2 506
2 442
2 324
2 182
2 153
2 100
2 285
2 238
2 89
2 174
2 369
2 110
2 264
2 117
2 84
2 13
2 484
2 183
2 196
2 69
2 47
2 245
2 120
2 425
2 444
2 510
2 35
2 370
2 482
2 451
2 317
2 475
2 380
2 129
2 145
2 20
2 228
2 429
2 257
2 316
2 91
2 113
2 425
2 354
2 230
2 508
2 366
2 201
2 178
2 50
2 269
2 224
2 294
2 389
2 137
2 226
2 386
2 171
2 83
2 355
2 109
2 399
2 318
2 488
2 15
2 462
2 507
2 242
2 378
2 251
2 45
2 468
2 363
2 469
2 309
2 80
2 464
2 163
2 280
2 129
2 212
2 37
2 353
2 505
2 425
2 489
2 218
2 298
2 147
