2 3
2 455
2 106
2 3
2 82
2 5
2 3
2 7
2 298
2 3
2 5
2 428
2 3
2 252
2 7
2 3
2 125
2 195
2 3
2 505
2 5
2 3
2 488
2 398
2 3
2 5
2 303
2 3
2 7
2 416
2 3
2 411
2 359
2 3
2 14
2 5
2 3
2 89
2 164
2 3
2 5
2 350
2 3
2 280
2 89
2 3
2 95
2 213
2 3
2 7
2 5
2 3
2 156
2 181
2 3
2 5
2 7
2 3
2 117
2 66
2 3
2 318
2 477
2 3
2 113
2 5
2 3
2 162
2 66
2 3
2 5
2 360
2 3
2 258
2 127
2 3
2 491
2 7
2 3
2 407
2 5
2 3
2 93
2 43
2 3
2 5
2 60
2 3
2 51
2 176
2 3
2 7
2 493
2 3
2 476
2 5
2 3
2 27
2 7
2 3
2 5
2 251
2 3
2 315
2 508
2 3
2 466
2 487
2 3
2 317
2 5
2 3
2 7
2 473
2 3
2 5
2 138
2 3
2 349
2 7
2 3
2 154
2 16
2 3
2 434
2 5
2 3
2 180
2 6
2 3
2 5
2 257
2 3
2 7
2 59
2 3
2 459
2 12
2 3
2 465
2 5
2 3
2 357
2 190
2 3
2 5
2 287
2 3
2 285
2 124
