2 0
2 55
2 88
2 44
2 235
2 499
2 84
2 23
2 65
2 86
2 354
2 254
2 344
2 2
2 95
2 15
2 62
2 6
2 255
2 62
2 41
2 189
2 131
2 65
2 1
2 456
2 23
2 166
2 132
2 411
2 231
2 102
2 115
2 654
2 132
2 11
2 1
2 444
2 69
2 86
2 133
2 433
2 121
2 13
2 332
2 231
2 12
2 55
2 245
2 310
2 354
2 10
2 322
2 4
2 423
2 288
2 123
2 354
2 113
2 95
2 33
2 235
2 411
2 32
2 185
2 351
2 123
2 132
2 114
2 12
2 423
2 35
2 182
2 190
2 100
2 403
2 304
2 15
2 130
2 101
2 112
2 413
2 3
2 15
2 88
2 235
2 354
2 12
2 83
2 45
2 493
2 256
2 156
2 163
2 23
2 121
2 451
2 1
2 156
2 13
2 234
2 354
2 12
2 164
2 122
2 1
2 16
2 499
2 142
2 500
2 63
2 259
2 160
2 261
2 13
2 188
2 165
2 231
2 500
2 251
2 369
2 301
2 271
2 372
2 431
2 310
2 354
2 102
2 80
2 30
2 71
2 231
2 314
2 395
2 109
2 3
2 36
2 71
2 237
2 182