2 0
2 1
2 2
2 3
2 1
2 0
2 1
2 235
2 236
2 3
2 1
2 235
2 236
2 3
2 1
2 0
2 235
2 0
2 234
2 235
2 1
2 1
2 236
2 2
2 1
2 2
2 4
2 236
2 1
2 234
2 235
2 3
2 495
2 1
2 235
2 11
2 12
2 13
2 236
2 237
2 235
2 494
2 12
2 495
2 0
2 1
2 494
2 3
2 0
2 1
2 235
2 1
2 235
2 495
2 4
2 236
2 496
2 494
2 2
2 0
2 235
2 494
2 234
2 0
2 1
2 2
2 236
2 11
2 12
2 11
2 12
2 235
2 234
2 236
2 12
2 10
2 11
2 12
2 13
2 0
2 1
2 2
2 435
2 436
2 435
2 436
2 235
2 236
2 1
2 2
2 0
2 2
2 0
2 235
2 494
2 234
2 0
2 1
2 2
2 236
2 11
2 12
2 11
2 12
2 235
2 234
2 236
2 12
2 10
2 11
2 12
2 13
2 0
2 1
2 2
2 435
2 436
2 435
2 436
2 235
2 236
2 1
2 2
2 0
2 10
2 12
2 235
2 236
2 435
2 436
2 13
2 12
2 11